image: diamond.pgm
resolution: 0.050000
origin: [-13.134795, -42.016083, 0.000000]
negate: 0
occupied_thresh: 0.65
free_thresh: 0.196

