image: diamond_horizontal.pgm
resolution: 0.050000
origin: [-42.016083, -14.634795, 0.000000]
negate: 0
occupied_thresh: 0.65
free_thresh: 0.196

