image: iscas_museum.pgm
resolution: 0.050000
origin: [-11.744200, -9.536087, 0.000000]
negate: 0
occupied_thresh: 0.65
free_thresh: 0.196

